$ANSIBLE_VAULT;1.1;AES256
63343761613637306630646638626637363130373263396334323230363563623566303165353732
6562333938303938366334396465346335373539306639300a386134623431303637323663343734
61366564643533366366633437386363366338643730323166326335653634353931316266663636
3339386231363331390a313131386163616530643433643835643635306436663936636131383866
65313565653864383032316463623462356439353266363439323432313434383336366665616239
61373734366466326133656237366261313532333731643265646462323635313031616264383465
38643530306564616637343265633535316331333833636336333761386335666633636634656461
31383861666132393133366166643735353861633034343963373731663631653134386136323737
39343538623530303535633838353632363636316235323633373230336231326463643030303565
66303666666531656133636163373266373431343339316264363137326565306133376563353333
38653462363439653336396361383530316465396666383331323530303435613464636336373165
64616230633737303638323034343130346562626539303439313738326261306165393737666239
62386161663564373064363830346232323231656365653136666463343939383963
