$ANSIBLE_VAULT;1.1;AES256
64356335363333363136613263326337396262316464613938643639653230633234626631323163
3565326338366365663134303032313531653938323231320a303432666531326165383166313138
32396639333333336232393238376130356464393934653731333666316437656638646166393039
3230643037643434640a653732613031313363393437613138323736656664313065313262396535
63613035353831356562343065396538633835356431373430303034323962646537663330376539
66303466336136366433616565633733616339663236303038333037396234656630326636356432
61316463333639363635623730316661333935336437666232373563336565336637336637356331
33393463383832643439386663616364653738356334386263396339666265303639383366633638
32643136653232643365383830336132653564333464393166643132663131626437396537363634
37343732386336393764653766356566313337326131653831616133383039643839356533636464
64386437623465316261346239366534383936323566333463313334333338633262353739303430
37646636313632646638336533343036653639616637653762303663633336373639616233323036
63353963613838653266323533303965633036326464333163346434326436616231303735313430
34316566363036646434393531666663386666363931363932333162353238346437656438643763
61333038353261643836363866623266336165326537306665306631313733336137373164616262
36393934656665626238393930623838323739646231306439666462313266613862633734666563
64353163383735323036613564373434653331306333313534623762663532346434356463623062
31313538373133363131363434666537623534663265626462306535666534626231666565633366
346137383532363135656564626136356639
