$ANSIBLE_VAULT;1.1;AES256
39653261633965376134386663663263303036333833336664626131623331393361613362356339
6139316233333533636262623131656265303637323530330a366461336237343436656139396363
33616439663038663565383532316430623262333638353266316363656532376336333531353463
3235346637663831640a323830373038396566656237346662643338393265376333353265633564
66616264316165643562326639663236373666656665663731313332303031633236363561376330
34393338306364336634613336306538333139323730303130643231653432613061616236303666
61353338626235633639366663623338363536336139396531343033656666313738656537366261
34346161303762663134303433663066343462323039393330633030353462383466326431343432
37626665666232376361356562626163393730316265646564363337303534333763303437303036
30326331383435383831353361613466373064616131663432643830373766376438393235343534
39663665663264333235363833666662376631386433616361316565656135386533376237663063
33616239653238663163383364656136353862373336386631326330333937343764663162303063
32386362616564393136356130343935656437333333623137643131386436636166
